wvl,pde,mirror,window
200.0000,0.0200,0.8008,0.0000
205.0000,0.0287,0.7551,0.0000
210.0000,0.0377,0.7224,0.0000
215.0000,0.0485,0.7288,0.0000
220.0000,0.0625,0.7240,0.0000
225.0000,0.0713,0.7122,0.0000
230.0000,0.0864,0.6968,0.0000
235.0000,0.1002,0.6843,0.0000
240.0000,0.1189,0.6772,0.0000
245.0000,0.1299,0.6858,0.0000
250.0000,0.1465,0.7123,0.0000
255.0000,0.1583,0.7528,0.0441
260.0000,0.1744,0.7931,0.0711
265.0000,0.1717,0.8277,0.1119
270.0000,0.1872,0.8526,0.1684
275.0000,0.2100,0.8716,0.2495
280.0000,0.2221,0.8851,0.3469
285.0000,0.2578,0.8952,0.4630
290.0000,0.2826,0.9024,0.5731
295.0000,0.3136,0.9071,0.6683
300.0000,0.3441,0.9103,0.7394
305.0000,0.3649,0.9125,0.7583
310.0000,0.3832,0.9136,0.7762
315.0000,0.4054,0.9137,0.7901
320.0000,0.4177,0.9133,0.7939
325.0000,0.4225,0.9126,0.7963
330.0000,0.4179,0.9114,0.8014
335.0000,0.4340,0.9101,0.8082
340.0000,0.4394,0.9085,0.8103
345.0000,0.4432,0.9073,0.8158
350.0000,0.4434,0.9065,0.8293
355.0000,0.4390,0.9062,0.8436
360.0000,0.4374,0.9060,0.8387
365.0000,0.4248,0.9060,0.8447
370.0000,0.4351,0.9060,0.8424
375.0000,0.4450,0.9060,0.8496
380.0000,0.4496,0.9061,0.8569
385.0000,0.4702,0.9063,0.8635
390.0000,0.4776,0.9062,0.8695
395.0000,0.4666,0.9061,0.8742
400.0000,0.4799,0.9058,0.8753
405.0000,0.5113,0.9053,0.8783
410.0000,0.5230,0.9047,0.8840
415.0000,0.5256,0.9041,0.8885
420.0000,0.5414,0.9034,0.8903
425.0000,0.5479,0.9026,0.8902
430.0000,0.5384,0.9016,0.8902
435.0000,0.5344,0.9004,0.8901
440.0000,0.5490,0.8990,0.8879
445.0000,0.5711,0.8975,0.8879
450.0000,0.5771,0.8959,0.8925
455.0000,0.5620,0.8942,0.8963
460.0000,0.5523,0.8924,0.8963
465.0000,0.5598,0.8906,0.8970
470.0000,0.5732,0.8886,0.8987
475.0000,0.5712,0.8865,0.8981
480.0000,0.5649,0.8842,0.8971
485.0000,0.5598,0.8819,0.8972
490.0000,0.5645,0.8793,0.8944
495.0000,0.5701,0.8766,0.8842
500.0000,0.5685,0.8737,0.8659
505.0000,0.5521,0.8707,0.8449
510.0000,0.5308,0.8676,0.8214
515.0000,0.5189,0.8644,0.7860
520.0000,0.5203,0.8610,0.7367
525.0000,0.5242,0.8575,0.6730
530.0000,0.5233,0.8538,0.6100
535.0000,0.5183,0.8497,0.5535
540.0000,0.5084,0.8455,0.5092
545.0000,0.4943,0.8412,0.4646
550.0000,0.4863,0.8367,0.4155
555.0000,0.4812,0.8319,0.3526
560.0000,0.4718,0.8269,0.2915
565.0000,0.4606,0.8217,0.2311
570.0000,0.4467,0.8162,0.1807
575.0000,0.4337,0.8107,0.1405
580.0000,0.4232,0.8046,0.1189
585.0000,0.4183,0.7982,0.1048
590.0000,0.4166,0.7917,0.0938
595.0000,0.4143,0.7852,0.0815
600.0000,0.4031,0.7785,0.0721
605.0000,0.3949,0.7716,0.0648
610.0000,0.3830,0.7642,0.0595
615.0000,0.3718,0.7566,0.0551
620.0000,0.3629,0.7488,0.0521
625.0000,0.3559,0.7404,0.0504
630.0000,0.3499,0.7318,0.0491
635.0000,0.3416,0.7229,0.0469
640.0000,0.3333,0.7135,0.0446
645.0000,0.3224,0.7038,0.0425
650.0000,0.3131,0.6939,0.0427
655.0000,0.3047,0.6837,0.0454
660.0000,0.2959,0.6734,0.0511
665.0000,0.2895,0.6629,0.0588
670.0000,0.2843,0.6523,0.0669
675.0000,0.2791,0.6408,0.0750
680.0000,0.2757,0.6293,0.0822
685.0000,0.2709,0.6180,0.0892
690.0000,0.2653,0.6068,0.0945
695.0000,0.2584,0.5952,0.0994
700.0000,0.2497,0.5843,0.1039
705.0000,0.2389,0.5744,0.1069
710.0000,0.2292,0.5649,0.1074
715.0000,0.2199,0.5552,0.1058
720.0000,0.2130,0.5467,0.1016
725.0000,0.2080,0.5393,0.1016
730.0000,0.2039,0.5327,0.1042
735.0000,0.2001,0.5245,0.1093
740.0000,0.1969,0.5171,0.1141
745.0000,0.1931,0.5105,0.1162
750.0000,0.1874,0.5044,0.1184
755.0000,0.1808,0.4992,0.1215
760.0000,0.1741,0.4946,0.1245
765.0000,0.1653,0.4903,0.1276
770.0000,0.1567,0.4862,0.1307
775.0000,0.1496,0.4823,0.1338
780.0000,0.1431,0.4782,0.1368
785.0000,0.1377,0.4741,0.1399
790.0000,0.1325,0.4702,0.1430
795.0000,0.1296,0.4663,0.1461
800.0000,0.1261,0.4627,0.1491
805.0000,0.1235,0.4638,0.1522
810.0000,0.1203,0.4650,0.1553
815.0000,0.1166,0.4662,0.1583
820.0000,0.1118,0.4674,0.1614
825.0000,0.1067,0.4686,0.1645
830.0000,0.1022,0.4715,0.1676
835.0000,0.0963,0.4752,0.1706
840.0000,0.0926,0.4789,0.1737
845.0000,0.0887,0.4827,0.1768
850.0000,0.0844,0.4865,0.1798
855.0000,0.0803,0.4901,0.1829
860.0000,0.0764,0.4982,0.1860
865.0000,0.0727,0.5065,0.1891
870.0000,0.0690,0.5148,0.1921
875.0000,0.0655,0.5234,0.1952
880.0000,0.0619,0.5321,0.1983
885.0000,0.0595,0.5409,0.2014
890.0000,0.0581,0.5524,0.2044
895.0000,0.0550,0.5643,0.2075
900.0000,0.0531,0.5764,0.2106
905.0000,0.0498,0.5885,0.2136
910.0000,0.0481,0.6007,0.2167
915.0000,0.0446,0.6130,0.2198
920.0000,0.0419,0.6259,0.2229
925.0000,0.0397,0.6403,0.2259
930.0000,0.0371,0.6546,0.2290
935.0000,0.0342,0.6687,0.2321
940.0000,0.0315,0.6827,0.2351
945.0000,0.0295,0.6965,0.2382
950.0000,0.0273,0.7102,0.2413
955.0000,0.0256,0.7221,0.2444
960.0000,0.0241,0.7290,0.2474
965.0000,0.0224,0.7358,0.2505
970.0000,0.0208,0.7424,0.2536
975.0000,0.0193,0.7489,0.2566
980.0000,0.0174,0.7553,0.2597
985.0000,0.0166,0.7615,0.2628
990.0000,0.0149,0.7676,0.2659
995.0000,0.0138,0.7733,0.2689
1000.0000,0.0130,0.7788,0.2714
